169
159
-829
-809
-422
138
-99
-168
-643
167
-749
-661
134
325
-411
763
767
-909
696
720
-528
-592
447
-529
600
518
699
-912
-657
-202
89
447
15
920
-558
-211
-735
-793
645
-88
-416
-475
497
-931
807
-641
-336
232
445
702
-370
882
234
-450
-474
-349
390
-683
463
-162
832
-10
-685
-615
120
1000
79
-467
-15
700
669
-341
-249
130
521
-190
-98
703
-700
17
339
-294
884
-238
685
-972
212
-166
-793
46
102
-344
120
186
-381
-506
879
257
832
-541
-814
-71
300
-211
467
794
571
687
970
311
-528
-595
-806
12
375
-426
-430
-13
315
128
-538
-80
-258
-296
514
209
228
857
662
621
312
-734
-291
-429
-601
-355
-232
349
-304
-575
-823
74
-477
-420
8
-359
724
-265
-71
593
-6
488
-302
921
750
-550
335
518
678
-598
-459
932
74
-807
195
720
189
442
498
-729
114
115
832
-964
-655
-883
390
-161
59
839
463
-323
-597
-628
771
-970
143
198
79
659
190
-12
983
-373
953
112
-25
-1000
-34
266
