-713
41
-958
-970
-246
624
670
-610
801
92
456
-714
-608
-162
559
-153
-892
-223
-917
577
-32
-258
951
500
-285
7
959
159
-497
-108
979
893
101
-140
202
-358
-148
552
-404
956
-797
-59
933
-890
-580
-571
730
960
495
364
947
-602
337
-148
-564
623
618
671
-589
897
263
37
190
-167
934
-657
-471
-720
618
559
-373
161
-843
388
524
-148
734
-996
-594
404
-179
614
-734
-675
-923
530
-787
458
785
870
-772
-945
-538
259
-735
-978
836
-498
-166
-712
732
735
746
-442
332
238
-54
634
-537
673
356
311
-676
590
-810
-606
-643
160
-291
285
256
318
-252
-571
176
288
-801
38
-98
-921
-935
-162
41
585
-26
64
-116
-216
-151
-832
659
115
-723
335
453
576
-664
-169
-375
-34
405
201
-312
-558
950
15
-275
365
-547
36
-202
472
606
636
-941
-745
-823
485
-500
-81
-823
960
76
-942
-510
957
-536
70
-934
435
178
-234
140
-369
414
-347
401
-810
-234
128
-193
-435
-770
579
240
944
-675
-455
-184
-327
