-21
-319
766
-913
-491
-735
-10
-1000
-951
-260
-468
688
-447
306
-184
1
941
12
455
-252
106
-400
-18
759
835
-835
-662
-898
541
-228
-668
-373
937
-759
557
-244
-831
232
-529
31
921
-588
32
-659
23
478
-93
772
893
859
417
530
993
538
989
-876
-441
525
457
-804
745
612
-455
-137
155
465
-890
317
-184
857
970
800
-787
701
-141
370
639
391
-538
-666
592
-305
507
-373
949
-710
473
-62
338
-651
398
230
-629
61
-849
-665
403
5
-327
-148
-632
-314
28
-430
670
467
-345
-495
160
-585
-530
-622
-387
868
575
575
-864
906
-121
229
343
-255
-307
193
-806
-42
814
-525
-109
-2
-61
-595
195
614
924
-159
-48
-807
-681
498
-529
675
505
-470
53
737
544
312
340
386
-978
695
30
-376
-164
394
-783
135
-949
-488
915
377
-654
-171
-720
-943
-681
-410
-168
984
807
-674
-757
-149
640
576
-511
55
-82
-635
594
-601
-905
823
-189
952
-85
966
871
-251
-824
588
-320
438
466
613
111
404
-121
-320
